,ADANIPORTS,ASIANPAINT,AXISBANK,BAJAJ-AUTO,BAJFINANCE,BAJAJFINSV,BPCL,BHARTIARTL,BRITANNIA,CIPLA,COALINDIA,DIVISLAB,DRREDDY,EICHERMOT,GRASIM,HCLTECH,HDFCBANK,HDFCLIFE,HEROMOTOCO,HINDALCO,HINDUNILVR,HDFC,ICICIBANK,ITC,IOC,INDUSINDBK,INFY,JSWSTEEL,KOTAKBANK,LT,M&M,MARUTI,NTPC,NESTLEIND,ONGC,POWERGRID,RELIANCE,SBILIFE,SHREECEM,SBIN,SUNPHARMA,TCS,TATACONSUM,TATAMOTORS,TATASTEEL,TECHM,TITAN,UPL,ULTRACEMCO,WIPRO
ADANIPORTS,1.0,0.7054185736468231,0.5336388625472461,0.8222638110290985,-0.07231276399809101,0.7697953178954607,-0.47060754367814417,0.5245939960784843,0.21296267321890985,0.603243466264838,-0.4814383942931014,0.5791201306426023,0.3285420526090413,-0.35902299431932205,-0.4133633638465514,0.370756002699024,0.31494257723264824,nan,0.17263913526354843,0.8852403678726116,0.5880264946119894,0.7894705795982636,0.7571390992410678,-0.29868127434961605,-0.4329117526831367,0.12602093841664846,0.2603350338096441,-0.4074249116152806,0.7144992430302345,0.14606337144673848,-0.28757256720432384,0.5383462690585037,-0.2028237346146025,0.5140781975781563,-0.42082042069794473,0.6879956611240462,0.5161108778545959,nan,0.7933061103905209,0.6964149436473512,-0.3111504665451929,0.4543795374118442,0.7339303270649198,-0.17181175232509424,0.8023120856860794,0.6694778453808665,0.7181267554178558,0.1958123748011658,0.928369137721759,-0.2151998999733719
ASIANPAINT,0.7054185736468231,1.0,0.43089672934805906,0.6634615824623349,0.18267032327673735,0.8133359584366538,-0.533531081853649,0.6724137917308605,-0.05615070547339223,0.6060283401910618,-0.8715051170355883,0.936361715992563,0.7463804430649593,-0.766635196803221,-0.3900017169382808,0.011596603048167346,-0.1046472261479442,nan,-0.2668629899845036,0.48232255260096424,0.8860492926654551,0.8267992934935323,0.8836731120998442,-0.6737827992411126,-0.714056749744937,-0.38403642096670193,0.09497258254045719,-0.35002819428531107,0.897107490191412,-0.2323280106066807,-0.6013116911359708,0.23729233905992536,-0.7492842896676635,0.9177993921415399,-0.7829123180635873,0.2596317756283778,0.8245638660458642,nan,0.8742588347152795,0.28865927801813007,-0.384582869430272,0.22988065543778016,0.9344064323780414,-0.5689396991868018,0.33171107816940104,0.8370384162665712,0.8790559070823029,-0.32825050713228776,0.7620392812817431,-0.2930926797834413
AXISBANK,0.5336388625472461,0.43089672934805906,1.0,0.5140154606930504,0.15073266000252428,0.747290990487792,-0.38082597971202525,0.014393186690582635,-0.08504266514713667,-0.037887010802322166,-0.18477280621951908,0.2839946830876797,-0.02650213317162425,-0.1608458310427821,-0.2165113392804522,0.5214997717807996,0.5297126134621825,nan,-0.1623039450290513,0.5021052364297393,0.44539141423277434,0.7361923828298588,0.7122246123267951,0.053276362619404834,-0.3705993431257203,0.38380025964149606,-0.18586773032143222,-0.22334095948417113,0.6518724166242031,0.4380006299832848,-0.3658261564154222,0.3275995555496343,-0.10072439767192906,0.3474886237440251,-0.169547981539536,0.4879898120046577,0.20065357413913984,nan,0.5083397164348162,0.798270064486535,-0.417991106361177,0.0004327644769825867,0.2720814902532397,-0.2953395555194362,0.36949878213547155,0.6648684621274831,0.638387627031611,0.382410356531299,0.5800654249493055,-0.2298402246574667
BAJAJ-AUTO,0.8222638110290985,0.6634615824623349,0.5140154606930504,1.0,0.03747457776436351,0.672552646958053,-0.2870589540048008,0.5931689732246905,0.13884899996767244,0.5941452001588173,-0.39373497003589464,0.5603908374324867,0.4096961190053254,-0.3271139700431927,-0.2515290408913879,0.2548015816781708,0.13906382041097506,nan,0.30204115969913486,0.7755233795755934,0.4702243082143893,0.7019374734168818,0.7165724168305461,-0.32831024962624816,-0.23490839346826314,0.07431747153508546,0.30052849834883816,-0.24356931566162798,0.6279806118396426,0.2020922240833993,-0.13046051641266576,0.5046281337471034,-0.1747741528018997,0.45266538338603207,-0.30269961795411693,0.5958693999421067,0.5236160841131069,nan,0.7628267977612826,0.6282206062629048,-0.1625600306734946,0.5388019926219673,0.6961087873321135,0.005102212893603876,0.7029546892967204,0.5956296309164079,0.6151212350548267,0.16615170126651999,0.8630021384088581,-0.07742799249269615
BAJFINANCE,-0.07231276399809101,0.18267032327673735,0.15073266000252428,0.03747457776436351,1.0,-0.023258916669133094,0.3470919936216331,0.07223482630429125,-0.34646791153329126,0.03264244818365649,-0.06156438721995107,0.28564161616614503,0.3455271287796973,-0.42922074418380207,0.6823040163095853,-0.10958117412907586,-0.33151631435044104,nan,-0.23989386446416575,-0.2687041225022555,0.04187748172179552,0.000602920331324299,0.1464403710927709,0.07611185610719506,0.08024287241162452,-0.33580323947031276,0.2910239410279495,0.4733932073700407,0.06935733779837763,0.016576633057411486,0.07476770090971613,-0.4775226359266305,-0.3226783956036699,0.11874421308297255,-0.0030920379487845676,-0.4224892949735805,0.12370053045844544,nan,0.045281146433029884,-0.1652468816669721,0.40824735409200613,0.1687531113876278,0.1275836169763741,-0.027239585253063588,-0.22569010608988233,0.21423575094902012,0.05634745879963562,-0.407836251425836,0.04892231272631209,0.4154887422401918
BAJAJFINSV,0.7697953178954607,0.8133359584366538,0.747290990487792,0.672552646958053,-0.023258916669133094,1.0,-0.6716208330924326,0.4967589267343613,0.09074350431237274,0.30325217662704074,-0.672219718567469,0.6477019365689323,0.29614741091936253,-0.3920242865747552,-0.5903017829405686,0.2659211070933915,0.3097793714105534,nan,-0.2363836560581973,0.6589297741288599,0.8512014456698622,0.9665049518385349,0.9219053021365797,-0.42266657404181307,-0.7394598266033342,0.08815934994070555,-0.135255367656696,-0.5680871677101933,0.9528158125851615,-0.0077046226599163025,-0.6655744034369786,0.5093430719234703,-0.4621281036702135,0.7798234267014987,-0.6641879731206614,0.5443347146851547,0.5879043938251601,nan,0.8332815128056218,0.6492246393128496,-0.6511863243057391,0.056093925033185624,0.7345857186312893,-0.6039571879272354,0.47810217623775975,0.8358987908315786,0.9294147677582631,0.05066765974593696,0.75923748103096,-0.5375664855041046
BPCL,-0.47060754367814417,-0.533531081853649,-0.38082597971202525,-0.2870589540048008,0.3470919936216331,-0.6716208330924326,1.0,-0.3088131716765788,-0.342678205118571,-0.25002066060539685,0.5531239253690298,-0.44328294023771414,-0.09746911005193715,0.16719393709740157,0.7038001816628267,-0.22626573401774996,-0.4564946123797392,nan,0.17261258025194157,-0.5004597411629647,-0.7401547483932293,-0.6800017284812605,-0.49637422539507764,0.4991358268129757,0.729895811908845,-0.11374040406920263,0.34584795312407257,0.6045567904166534,-0.6695476171778321,0.32410628963733573,0.7153532796556179,-0.5740935586932244,0.2955671875791237,-0.6309477801612052,0.6266642553970241,-0.4107391760909629,-0.34197021050775683,nan,-0.5113062203574448,-0.30600019082025115,0.7414451376142946,0.14900356553506544,-0.5150663358398033,0.6670212248973285,-0.3369202381469156,-0.5719378908843924,-0.714394435992458,-0.07835833714285198,-0.39596983490792437,0.7565893746835926
BHARTIARTL,0.5245939960784843,0.6724137917308605,0.014393186690582635,0.5931689732246905,0.07223482630429125,0.4967589267343613,-0.3088131716765788,1.0,0.07740218526712359,0.5217589523195643,-0.6976745488810299,0.6528713423758692,0.5654576366659885,-0.4127490335940954,-0.28804625582251986,-0.3796979696423971,-0.29682585540450546,nan,-0.07277349713046828,0.36976581110726336,0.6253675884111425,0.5211598518246834,0.567227707008567,-0.6392125076912036,-0.3876702202309042,-0.412965937850663,0.1518610539639516,-0.35920317409976193,0.5539240037146739,-0.42073673298629954,-0.3641972168855692,0.2571201421699739,-0.5163588476498561,0.6838620754205927,-0.6474359832228807,0.1908937965608012,0.5995671431110661,nan,0.7233482052458371,0.09345212425923385,-0.2547733385326638,0.34485245708610546,0.7948470785805622,-0.3000697564961362,0.33375602788674064,0.38113321822180124,0.5589255156209801,-0.36544897018825534,0.5495933005907153,-0.339421352455014
BRITANNIA,0.21296267321890985,-0.05615070547339223,-0.08504266514713667,0.13884899996767244,-0.34646791153329126,0.09074350431237274,-0.342678205118571,0.07740218526712359,1.0,0.24923626722103667,0.16599712950019546,-0.14997434178002314,-0.31815002512059215,0.41107117105848767,-0.22989952855369067,0.26540201970264804,0.4216046186808212,nan,0.5206925804904331,0.46667825157558707,0.053078347404253545,0.12159023075232074,-0.14153445805057793,0.12060751586115263,-0.06781895488759765,0.5449808720417689,0.2981439477744542,-0.2707032634246543,0.04683545423183014,-0.04768180858238862,0.04803338388376807,0.7371204937359521,0.4253473740600681,-0.07323733667151398,0.02825034854002135,0.31426086586255847,-0.15403777000980803,nan,-0.036213905864101545,0.12452557693398142,-0.059570486403150734,0.12705731699574066,0.08453466420055199,0.06415332169068855,0.500853888037136,0.05871436181429227,0.06253671903487797,0.21096405188227765,0.103823892896377,-0.29910888423405807
CIPLA,0.603243466264838,0.6060283401910618,-0.037887010802322166,0.5941452001588173,0.03264244818365649,0.30325217662704074,-0.25002066060539685,0.5217589523195643,0.24923626722103667,1.0,-0.4459173901627496,0.6886808849576357,0.7124189673774298,-0.5717544106192467,-0.1374465217701584,0.10026630422987474,-0.07427243400273774,nan,0.23629229312426658,0.5056259255484533,0.38574646578124794,0.35269233391861043,0.3749885440745678,-0.4202600415106838,-0.27262514483247274,-0.31895000203361,0.5211445961779345,-0.08402751331555121,0.3736469540268358,-0.20025891985014196,-0.06510722793306915,0.23099470262420002,-0.3174589247910516,0.43020078827739944,-0.34845642917592434,0.18827799271160253,0.6409870680645592,nan,0.5424972001810671,0.09302880400729001,0.16765889719010796,0.5067773915132323,0.729711557253422,-0.036381805805746174,0.5176252146770168,0.47435870463213675,0.4022935784950397,-0.17247524267364694,0.6312115037234866,0.1365227145666676
COALINDIA,-0.4814383942931014,-0.8715051170355883,-0.18477280621951908,-0.39373497003589464,-0.06156438721995107,-0.672219718567469,0.5531239253690298,-0.6976745488810299,0.16599712950019546,-0.4459173901627496,1.0,-0.852371173484952,-0.6984582716370686,0.7149162936692146,0.49855260921295075,0.20146113708786317,0.21203380563081795,nan,0.4402881672273768,-0.23239145723420773,-0.8913611296224734,-0.6678279421928788,-0.7265458395815314,0.7411653516029126,0.7825562811884235,0.5579100022237622,0.14865020289199155,0.47978152912484745,-0.7825134587265549,0.5096739982214633,0.7152687136594809,-0.09647825287674397,0.8657319534668899,-0.9340360400840674,0.9317256367844269,-0.08235990175214636,-0.8240682841890418,nan,-0.7472549404127965,-0.02506447265324686,0.5440762499594064,-0.01109647519704486,-0.8419754489278437,0.7444931975126243,-0.06854166213828107,-0.6455142695192609,-0.7865694494348386,0.4416278645565443,-0.5003096971752179,0.46759977747214365
DIVISLAB,0.5791201306426023,0.936361715992563,0.2839946830876797,0.5603908374324867,0.28564161616614503,0.6477019365689323,-0.44328294023771414,0.6528713423758692,-0.14997434178002314,0.6886808849576357,-0.852371173484952,1.0,0.8773464847493516,-0.8815275717301058,-0.24911353748962636,-0.08141379700225186,-0.23397916941177016,nan,-0.33629148501853645,0.32863242478850957,0.8138551575878362,0.6627083914244183,0.773803585636868,-0.7041770396094079,-0.6835197126185872,-0.5787836425665833,0.13438175336226058,-0.16337596994423823,0.7686455336166855,-0.355940050919954,-0.573607656660054,0.03879814063883002,-0.8198449388903244,0.8834983518610847,-0.7229823125061681,0.038765003278529546,0.8244255861144638,nan,0.7752170471556619,0.09726780608015151,-0.22260748670234798,0.24258282394041825,0.9243903322445975,-0.5502422444861365,0.21351429292269813,0.7949361057471125,0.7837532962809775,-0.451422829627895,0.6533232127280125,-0.15633183135497122
DRREDDY,0.3285420526090413,0.7463804430649593,-0.02650213317162425,0.4096961190053254,0.3455271287796973,0.29614741091936253,-0.09746911005193715,0.5654576366659885,-0.31815002512059215,0.7124189673774298,-0.6984582716370686,0.8773464847493516,1.0,-0.8867763766465714,-0.014271517884000632,-0.2749399590396303,-0.5270734447509934,nan,-0.2565987929280938,0.07092305045487775,0.5178637967346988,0.31426356589875687,0.5149963886971916,-0.652877869137775,-0.3952739266743355,-0.7849071345980987,0.2492016126256889,0.08514038416891333,0.445205826129275,-0.33221151128806964,-0.2661298718001249,-0.2561191070382041,-0.7708816641928792,0.6694255938850384,-0.5328676724978114,-0.1749024584947248,0.7996199795563056,nan,0.5867351322446293,-0.15926118177049353,0.11186579994139532,0.2713032243411675,0.7459914000258536,-0.2743641411250151,0.0145740152855068,0.5050663663557096,0.4416006406168511,-0.5458950249932631,0.46083646656603083,0.17005827873722842
EICHERMOT,-0.35902299431932205,-0.766635196803221,-0.1608458310427821,-0.3271139700431927,-0.42922074418380207,-0.3920242865747552,0.16719393709740157,-0.4127490335940954,0.41107117105848767,-0.5717544106192467,0.7149162936692146,-0.8815275717301058,-0.8867763766465714,1.0,0.028374953943232042,0.11088934804809827,0.3727550647374462,nan,0.42813653636476084,-0.050996931515517846,-0.5776367607105295,-0.4101726361173488,-0.6058393302605013,0.574288372167023,0.5143886075252216,0.7111269440043961,-0.17163109484632313,-0.02883330305303423,-0.5461917789763581,0.28508957113282024,0.4202976499798893,0.2937778728362568,0.8178894184076426,-0.6913152151004143,0.5724581198651006,0.19030427749089637,-0.7291084392433087,nan,-0.5413217146686824,0.05850544332064732,0.002920320902336274,-0.19516014080954017,-0.7220504623427357,0.43035831779191047,0.03506503135950792,-0.641528699930206,-0.5536761348971045,0.5477737704227592,-0.45997525851424115,-0.12517691819571086
GRASIM,-0.4133633638465514,-0.3900017169382808,-0.2165113392804522,-0.2515290408913879,0.6823040163095853,-0.5903017829405686,0.7038001816628267,-0.28804625582251986,-0.22989952855369067,-0.1374465217701584,0.49855260921295075,-0.24911353748962636,-0.014271517884000632,0.028374953943232042,1.0,-0.13962838601993005,-0.3180571837290047,nan,0.1362354885393182,-0.4584591521916389,-0.5694490884220278,-0.547037406363454,-0.434197929167553,0.4264242956904138,0.6596037738983926,-0.12585853468018016,0.4000529295946322,0.7723471493227976,-0.5429126448281699,0.2024028941915513,0.5960942942100402,-0.5630798268496384,0.19795088478457318,-0.49296001138707085,0.5501480958765463,-0.5034203074939733,-0.3374639259708273,nan,-0.4350145899053973,-0.3381741080661097,0.7761926713298217,0.19395521914984468,-0.38913224367249966,0.5210712585427505,-0.29432557095598544,-0.3599778849390496,-0.5471909050655752,-0.16422909076248357,-0.30433998623754577,0.7005108500686097
HCLTECH,0.370756002699024,0.011596603048167346,0.5214997717807996,0.2548015816781708,-0.10958117412907586,0.2659211070933915,-0.22626573401774996,-0.3796979696423971,0.26540201970264804,0.10026630422987474,0.20146113708786317,-0.08141379700225186,-0.2749399590396303,0.11088934804809827,-0.13962838601993005,1.0,0.7221566029054701,nan,0.29805971863648634,0.45680698012808846,0.02294113724404831,0.2818882558277895,0.1285767361904644,0.413046585410313,-0.08380555493175829,0.5951240850088606,0.0944005010023621,-0.17021710161216,0.18530972482738683,0.43748343716477217,-0.005540997215082723,0.4240697473810966,0.31823112713289076,-0.13898490936258837,0.17097542273097682,0.4374593170977378,-0.0848016717044756,nan,0.002981456535535214,0.4986307845787727,-0.1163598567918738,0.1465358375399951,-0.03853022278461285,-0.0006125180292998161,0.42337219889863753,0.33417849227851754,0.239492969803358,0.5398118484613325,0.2954713820429944,-0.0025714699762282517
HDFCBANK,0.31494257723264824,-0.1046472261479442,0.5297126134621825,0.13906382041097506,-0.33151631435044104,0.3097793714105534,-0.4564946123797392,-0.29682585540450546,0.4216046186808212,-0.07427243400273774,0.21203380563081795,-0.23397916941177016,-0.5270734447509934,0.3727550647374462,-0.3180571837290047,0.7221566029054701,1.0,nan,0.29764986258639436,0.5054886206690773,0.06154888293335082,0.34687324148154464,0.0678819977032154,0.40120446625103995,-0.1336099454355149,0.7866682777527096,-0.10836531174744077,-0.3808526030461927,0.197999429494355,0.3530198904804586,-0.1018745380092336,0.6162378811718066,0.44667720879179007,-0.14490446476286226,0.0924538916735728,0.5521448870372273,-0.24721375561206904,nan,0.021981892898575408,0.5820209772195448,-0.4042271784437291,-0.04244446743464053,-0.12011978986523399,-0.09024809425679443,0.48551916412927804,0.21546294519058204,0.23975047058903431,0.7162155120447895,0.2187020559518925,-0.3328144829142969
HDFCLIFE,nan,nan,nan,nan,nan,nan,nan,nan,nan,nan,nan,nan,nan,nan,nan,nan,nan,nan,nan,nan,nan,nan,nan,nan,nan,nan,nan,nan,nan,nan,nan,nan,nan,nan,nan,nan,nan,nan,nan,nan,nan,nan,nan,nan,nan,nan,nan,nan,nan,nan
HEROMOTOCO,0.17263913526354843,-0.2668629899845036,-0.1623039450290513,0.30204115969913486,-0.23989386446416575,-0.2363836560581973,0.17261258025194157,-0.07277349713046828,0.5206925804904331,0.23629229312426658,0.4402881672273768,-0.33629148501853645,-0.2565987929280938,0.42813653636476084,0.1362354885393182,0.29805971863648634,0.29764986258639436,nan,1.0,0.420536824019097,-0.4359054077502698,-0.15312319588984472,-0.30961146260862915,0.3108532002218989,0.5260749497574169,0.5143289166485376,0.5194588312651146,0.08936023444833861,-0.2966908981810524,0.3717180735744426,0.6413736108522251,0.49409214022498604,0.6622276100589183,-0.49121640083506346,0.4274499633521612,0.44648271361960223,-0.18782757783015686,nan,-0.11781771001209611,0.19048791459862485,0.2810139297134668,0.5227845738445289,-0.13887315407644368,0.6837357417511417,0.5151567151130061,-0.28017032326577235,-0.30394714363881453,0.49359735884505107,0.15957956709085555,0.23448023778892463
HINDALCO,0.8852403678726116,0.48232255260096424,0.5021052364297393,0.7755233795755934,-0.2687041225022555,0.6589297741288599,-0.5004597411629647,0.36976581110726336,0.46667825157558707,0.5056259255484533,-0.23239145723420773,0.32863242478850957,0.07092305045487775,-0.050996931515517846,-0.4584591521916389,0.45680698012808846,0.5054886206690773,nan,0.420536824019097,1.0,0.40649792487676134,0.6790802091846294,0.5638207163545407,-0.15826739661201575,-0.28256015880620305,0.4222785402695822,0.2124578964320229,-0.4235528676373395,0.5503171256558761,0.23864554838829158,-0.1385692895870137,0.7443122793468036,0.1404806577522928,0.28918438757698023,-0.2329681822326738,0.82992837058931,0.29422613488119825,nan,0.6216923790316708,0.7479673765527687,-0.3138346947108361,0.4224694039607224,0.5399984644053931,-0.0043899322275856995,0.9331268257872981,0.5273391966428516,0.5554647482001621,0.42492483125519837,0.8026398509663736,-0.24976598085416188
HINDUNILVR,0.5880264946119894,0.8860492926654551,0.44539141423277434,0.4702243082143893,0.04187748172179552,0.8512014456698622,-0.7401547483932293,0.6253675884111425,0.053078347404253545,0.38574646578124794,-0.8913611296224734,0.8138551575878362,0.5178637967346988,-0.5776367607105295,-0.5694490884220278,0.02294113724404831,0.06154888293335082,nan,-0.4359054077502698,0.40649792487676134,1.0,0.8417142989004816,0.8159142926326699,-0.6371098861858143,-0.8895777675510489,-0.2755836532452789,-0.18865314243874945,-0.5583234474383483,0.9166640983403966,-0.3890880553677066,-0.8435999591897204,0.3372251931723423,-0.7400127715501263,0.9644898993975626,-0.8846383066104526,0.20878933681505224,0.6947619121376742,nan,0.7712256118481372,0.2374276807155728,-0.6619495707139295,-0.04736955345003021,0.8377701330209243,-0.8325753630236535,0.22281387493319943,0.8163232215313125,0.9357540438145333,-0.28928699588316253,0.5748216320242966,-0.6136581250119794
HDFC,0.7894705795982636,0.8267992934935323,0.7361923828298588,0.7019374734168818,0.000602920331324299,0.9665049518385349,-0.6800017284812605,0.5211598518246834,0.12159023075232074,0.35269233391861043,-0.6678279421928788,0.6627083914244183,0.31426356589875687,-0.4101726361173488,-0.547037406363454,0.2818882558277895,0.34687324148154464,nan,-0.15312319588984472,0.6790802091846294,0.8417142989004816,1.0,0.9194826518764297,-0.4112323439060021,-0.712046472597653,0.10262156356941243,-0.05762675542333202,-0.5543304342318847,0.958468005738759,0.010796393857336684,-0.6413569275639294,0.5482823881397735,-0.44625724533994787,0.7712948018226116,-0.6610944666108155,0.5510131492379307,0.5818628194318147,nan,0.8373163189616641,0.6446622306735045,-0.6285647634778438,0.15998917784665115,0.7596758899891516,-0.5699261545522039,0.5070129431506926,0.8438891103353694,0.9318435767316504,0.037884058116116025,0.7913779268396707,-0.5158897758157533
ICICIBANK,0.7571390992410678,0.8836731120998442,0.7122246123267951,0.7165724168305461,0.1464403710927709,0.9219053021365797,-0.49637422539507764,0.567227707008567,-0.14153445805057793,0.3749885440745678,-0.7265458395815314,0.773803585636868,0.5149963886971916,-0.6058393302605013,-0.434197929167553,0.1285767361904644,0.0678819977032154,nan,-0.30961146260862915,0.5638207163545407,0.8159142926326699,0.9194826518764297,1.0,-0.4957429675729509,-0.6722754366905942,-0.1525455328162606,-0.06409893221976545,-0.39621292038447564,0.9224401690392946,0.017203688076970636,-0.6038049559845557,0.27906038580008274,-0.5986405715277805,0.810611178959708,-0.6528591977087636,0.42132840834263663,0.6894894417872348,nan,0.8728267582452144,0.5990628554859448,-0.478443859944759,0.17138494699908197,0.7981333488765282,-0.5222205564938471,0.39321701164281075,0.8424395815896796,0.8882891691455911,-0.11165262643870053,0.8036271862220752,-0.3232376641403373
ITC,-0.29868127434961605,-0.6737827992411126,0.053276362619404834,-0.32831024962624816,0.07611185610719506,-0.42266657404181307,0.4991358268129757,-0.6392125076912036,0.12060751586115263,-0.4202600415106838,0.7411653516029126,-0.7041770396094079,-0.652877869137775,0.574288372167023,0.4264242956904138,0.413046585410313,0.40120446625103995,nan,0.3108532002218989,-0.15826739661201575,-0.6371098861858143,-0.4112323439060021,-0.4957429675729509,1.0,0.5223990378081701,0.6036206278312989,0.11320188517205211,0.20901873882686087,-0.5159894047230686,0.5180963664904129,0.5320677816033532,-0.037300645192666224,0.6672894429536378,-0.739346611406163,0.64938062739328,-0.0505736087647534,-0.5961678668931497,nan,-0.6197216349769037,0.08495181524706444,0.35626929194330476,-0.052797408360399214,-0.700175668706121,0.44219267299479825,-0.005888779695566034,-0.38503091804789535,-0.5183424535676253,0.5003773401061218,-0.35225191399034744,0.3491794960808306
IOC,-0.4329117526831367,-0.714056749744937,-0.3705993431257203,-0.23490839346826314,0.08024287241162452,-0.7394598266033342,0.729895811908845,-0.3876702202309042,-0.06781895488759765,-0.27262514483247274,0.7825562811884235,-0.6835197126185872,-0.3952739266743355,0.5143886075252216,0.6596037738983926,-0.08380555493175829,-0.1336099454355149,nan,0.5260749497574169,-0.28256015880620305,-0.8895777675510489,-0.712046472597653,-0.6722754366905942,0.5223990378081701,1.0,0.2133260636509064,0.25541741653492905,0.5463262512976088,-0.8073073028563231,0.38969118166013994,0.8781546477841163,-0.2645837206317069,0.6688216725135765,-0.851013816268558,0.7906523677105362,-0.11100530399212337,-0.5664180549165737,nan,-0.5570959560535846,-0.1463099487483437,0.6574575254729532,0.19263529187340017,-0.6705519528727194,0.8742491932184431,-0.08822479558270933,-0.7766766184948416,-0.8268264648791865,0.2713349029058996,-0.37656157610585006,0.599966622885671
INDUSINDBK,0.12602093841664846,-0.38403642096670193,0.38380025964149606,0.07431747153508546,-0.33580323947031276,0.08815934994070555,-0.11374040406920263,-0.412965937850663,0.5449808720417689,-0.31895000203361,0.5579100022237622,-0.5787836425665833,-0.7849071345980987,0.7111269440043961,-0.12585853468018016,0.5951240850088606,0.7866682777527096,nan,0.5143289166485376,0.4222785402695822,-0.2755836532452789,0.10262156356941243,-0.1525455328162606,0.6036206278312989,0.2133260636509064,1.0,0.02070564413977377,-0.20312183339020956,-0.07895155839160571,0.5235212898162606,0.2273122196221537,0.6400132101952246,0.7662840656190293,-0.46305625345835555,0.41629876029844887,0.5352237615540031,-0.5169444071614637,nan,-0.2255143312412196,0.5416851889922876,-0.1630462286846008,0.00822665118118333,-0.39661267570204867,0.2788632676985301,0.45011053367878356,-0.07638724842533821,-0.09044979571523352,0.7392433312611039,0.018338163873182607,-0.1758169145820461
INFY,0.2603350338096441,0.09497258254045719,-0.18586773032143222,0.30052849834883816,0.2910239410279495,-0.135255367656696,0.34584795312407257,0.1518610539639516,0.2981439477744542,0.5211445961779345,0.14865020289199155,0.13438175336226058,0.2492016126256889,-0.17163109484632313,0.4000529295946322,0.0944005010023621,-0.10836531174744077,nan,0.5194588312651146,0.2124578964320229,-0.18865314243874945,-0.05762675542333202,-0.06409893221976545,0.11320188517205211,0.25541741653492905,0.02070564413977377,1.0,0.33520194833544636,-0.07251949739728686,0.14505084051356631,0.4145026753461048,0.10119194469805001,0.12034139627758451,-0.15102700113180992,0.22245237966731451,-0.009294850720821072,0.07554235292583468,nan,0.03956379091621083,-0.02200317009709588,0.583758819859269,0.6621647870130599,0.21962198852331422,0.4704203578061549,0.3479001436142439,0.07880169361326708,-0.09071872026524669,-0.13399951622771372,0.2917171029081655,0.5023146419753832
JSWSTEEL,-0.4074249116152806,-0.35002819428531107,-0.22334095948417113,-0.24356931566162798,0.4733932073700407,-0.5680871677101933,0.6045567904166534,-0.35920317409976193,-0.2707032634246543,-0.08402751331555121,0.47978152912484745,-0.16337596994423823,0.08514038416891333,-0.02883330305303423,0.7723471493227976,-0.17021710161216,-0.3808526030461927,nan,0.08936023444833861,-0.4235528676373395,-0.5583234474383483,-0.5543304342318847,-0.39621292038447564,0.20901873882686087,0.5463262512976088,-0.20312183339020956,0.33520194833544636,1.0,-0.5297759324851364,0.1864544807303541,0.5413528032881215,-0.5966719099501012,0.16318252483791984,-0.4451297477504133,0.664457161152291,-0.4778017951503568,-0.3109790342375688,nan,-0.3916097628627151,-0.3008883733106234,0.7567767130275718,0.11188368688848657,-0.3684699749403617,0.5441949946617328,-0.3049468141387238,-0.3327503724994268,-0.5558853852231956,-0.17487049075908911,-0.2858944029100054,0.6914814183736441
KOTAKBANK,0.7144992430302345,0.897107490191412,0.6518724166242031,0.6279806118396426,0.06935733779837763,0.9528158125851615,-0.6695476171778321,0.5539240037146739,0.04683545423183014,0.3736469540268358,-0.7825134587265549,0.7686455336166855,0.445205826129275,-0.5461917789763581,-0.5429126448281699,0.18530972482738683,0.197999429494355,nan,-0.2966908981810524,0.5503171256558761,0.9166640983403966,0.958468005738759,0.9224401690392946,-0.5159894047230686,-0.8073073028563231,-0.07895155839160571,-0.07251949739728686,-0.5297759324851364,1.0,-0.1198743886986547,-0.7269111493569258,0.4229978920843872,-0.615675521312834,0.8803002978228197,-0.757831313526911,0.406856708170708,0.6667731453616543,nan,0.8382273357257713,0.4852602955333921,-0.6235345139612214,0.08753847090578849,0.818503481870972,-0.6862072841600803,0.3586738606166251,0.8771516144879442,0.962747149506261,-0.14054113101440102,0.7294977891293533,-0.5226417740957627
LT,0.14606337144673848,-0.2323280106066807,0.4380006299832848,0.2020922240833993,0.016576633057411486,-0.0077046226599163025,0.32410628963733573,-0.42073673298629954,-0.04768180858238862,-0.20025891985014196,0.5096739982214633,-0.355940050919954,-0.33221151128806964,0.28508957113282024,0.2024028941915513,0.43748343716477217,0.3530198904804586,nan,0.3717180735744426,0.23864554838829158,-0.3890880553677066,0.010796393857336684,0.017203688076970636,0.5180963664904129,0.38969118166013994,0.5235212898162606,0.14505084051356631,0.1864544807303541,-0.1198743886986547,1.0,0.43545321072009924,0.08614008079559353,0.5104479532750096,-0.4240731851213036,0.5247845133227766,0.41703954301069257,-0.2660457351678229,nan,-0.03858303017543346,0.5666789551817591,0.22495681189381997,0.18257632524360276,-0.3318702167389389,0.5255828860484093,0.23444609086536528,-0.07437039669004257,-0.18299702128347065,0.57706645176347,0.22275608663115506,0.4113234335005654
M&M,-0.28757256720432384,-0.6013116911359708,-0.3658261564154222,-0.13046051641266576,0.07476770090971613,-0.6655744034369786,0.7153532796556179,-0.3641972168855692,0.04803338388376807,-0.06510722793306915,0.7152687136594809,-0.573607656660054,-0.2661298718001249,0.4202976499798893,0.5960942942100402,-0.005540997215082723,-0.1018745380092336,nan,0.6413736108522251,-0.1385692895870137,-0.8435999591897204,-0.6413569275639294,-0.6038049559845557,0.5320677816033532,0.8781546477841163,0.2273122196221537,0.4145026753461048,0.5413528032881215,-0.7269111493569258,0.43545321072009924,1.0,-0.21051751719826664,0.66569695686727,-0.7964709714332755,0.7461979124578587,-0.005863299374856375,-0.4161486748682721,nan,-0.4731313794219048,-0.07439064927800376,0.7208745737477766,0.2503357459215625,-0.5643615922429999,0.9072055104184643,0.04001497559749458,-0.6586701493642929,-0.7803810488800765,0.2890611827896545,-0.23357687292612858,0.6864131035573064
MARUTI,0.5383462690585037,0.23729233905992536,0.3275995555496343,0.5046281337471034,-0.4775226359266305,0.5093430719234703,-0.5740935586932244,0.2571201421699739,0.7371204937359521,0.23099470262420002,-0.09647825287674397,0.03879814063883002,-0.2561191070382041,0.2937778728362568,-0.5630798268496384,0.4240697473810966,0.6162378811718066,nan,0.49409214022498604,0.7443122793468036,0.3372251931723423,0.5482823881397735,0.27906038580008274,-0.037300645192666224,-0.2645837206317069,0.6400132101952246,0.10119194469805001,-0.5966719099501012,0.4229978920843872,0.08614008079559353,-0.21051751719826664,1.0,0.2859222543781437,0.17507152741702314,-0.21043419496225024,0.6715749978999818,0.07084108976810452,nan,0.3262642198237927,0.5194799816627677,-0.4941710464852045,0.21521441782800346,0.31735713710755403,-0.10489250199090967,0.6953816272761022,0.33498701107316314,0.44952979388700576,0.4458129252383917,0.43329874344889985,-0.5423761298602991
NTPC,-0.2028237346146025,-0.7492842896676635,-0.10072439767192906,-0.1747741528018997,-0.3226783956036699,-0.4621281036702135,0.2955671875791237,-0.5163588476498561,0.4253473740600681,-0.3174589247910516,0.8657319534668899,-0.8198449388903244,-0.7708816641928792,0.8178894184076426,0.19795088478457318,0.31823112713289076,0.44667720879179007,nan,0.6622276100589183,0.1404806577522928,-0.7400127715501263,-0.44625724533994787,-0.5986405715277805,0.6672894429536378,0.6688216725135765,0.7662840656190293,0.12034139627758451,0.16318252483791984,-0.615675521312834,0.5104479532750096,0.66569695686727,0.2859222543781437,1.0,-0.8399094773045297,0.7653439557667002,0.30874163677023164,-0.734354928803932,nan,-0.5500609165392906,0.20346309719061037,0.2806469762111765,0.09128292351903909,-0.6824827656685782,0.712882200582075,0.27462934526258737,-0.5569694873871474,-0.6124402295662779,0.6561647674167777,-0.2819173597971829,0.21781490140529008
NESTLEIND,0.5140781975781563,0.9177993921415399,0.3474886237440251,0.45266538338603207,0.11874421308297255,0.7798234267014987,-0.6309477801612052,0.6838620754205927,-0.07323733667151398,0.43020078827739944,-0.9340360400840674,0.8834983518610847,0.6694255938850384,-0.6913152151004143,-0.49296001138707085,-0.13898490936258837,-0.14490446476286226,nan,-0.49121640083506346,0.28918438757698023,0.9644898993975626,0.7712948018226116,0.810611178959708,-0.739346611406163,-0.851013816268558,-0.46305625345835555,-0.15102700113180992,-0.4451297477504133,0.8803002978228197,-0.4240731851213036,-0.7964709714332755,0.17507152741702314,-0.8399094773045297,1.0,-0.8863245396122337,0.10662042852357625,0.7732027211848548,nan,0.7940980322180737,0.12528172773220433,-0.5513206377354022,-0.02078480355214611,0.8673019875568503,-0.786250668231728,0.09995828323483565,0.7713005849593557,0.8767198304659395,-0.4382289007080864,0.5505703963634819,-0.5053148438345044
ONGC,-0.42082042069794473,-0.7829123180635873,-0.169547981539536,-0.30269961795411693,-0.0030920379487845676,-0.6641879731206614,0.6266642553970241,-0.6474359832228807,0.02825034854002135,-0.34845642917592434,0.9317256367844269,-0.7229823125061681,-0.5328676724978114,0.5724581198651006,0.5501480958765463,0.17097542273097682,0.0924538916735728,nan,0.4274499633521612,-0.2329681822326738,-0.8846383066104526,-0.6610944666108155,-0.6528591977087636,0.64938062739328,0.7906523677105362,0.41629876029844887,0.22245237966731451,0.664457161152291,-0.757831313526911,0.5247845133227766,0.7461979124578587,-0.21043419496225024,0.7653439557667002,-0.8863245396122337,1.0,-0.108882441930725,-0.7253190147787617,nan,-0.6580001328820926,-0.012296284097339728,0.6347756575888894,0.0775593095750479,-0.7625038359356535,0.8001377846383239,-0.07621466097176219,-0.6113505822083376,-0.7686296798822997,0.38286834879059456,-0.40347248242094824,0.5780881507285897
POWERGRID,0.6879956611240462,0.2596317756283778,0.4879898120046577,0.5958693999421067,-0.4224892949735805,0.5443347146851547,-0.4107391760909629,0.1908937965608012,0.31426086586255847,0.18827799271160253,-0.08235990175214636,0.038765003278529546,-0.1749024584947248,0.19030427749089637,-0.5034203074939733,0.4374593170977378,0.5521448870372273,nan,0.44648271361960223,0.82992837058931,0.20878933681505224,0.5510131492379307,0.42132840834263663,-0.0505736087647534,-0.11100530399212337,0.5352237615540031,-0.009294850720821072,-0.4778017951503568,0.406856708170708,0.41703954301069257,-0.005863299374856375,0.6715749978999818,0.30874163677023164,0.10662042852357625,-0.108882441930725,1.0,0.16062599351425255,nan,0.5043009669922861,0.7786964666688239,-0.4153809566795112,0.28533015227474423,0.25618656847093735,0.10409436321203007,0.7245594344980988,0.245098791406538,0.36666836040556033,0.5817946163506679,0.6312463475252892,-0.3127223436543129
RELIANCE,0.5161108778545959,0.8245638660458642,0.20065357413913984,0.5236160841131069,0.12370053045844544,0.5879043938251601,-0.34197021050775683,0.5995671431110661,-0.15403777000980803,0.6409870680645592,-0.8240682841890418,0.8244255861144638,0.7996199795563056,-0.7291084392433087,-0.3374639259708273,-0.0848016717044756,-0.24721375561206904,nan,-0.18782757783015686,0.29422613488119825,0.6947619121376742,0.5818628194318147,0.6894894417872348,-0.5961678668931497,-0.5664180549165737,-0.5169444071614637,0.07554235292583468,-0.3109790342375688,0.6667731453616543,-0.2660457351678229,-0.4161486748682721,0.07084108976810452,-0.734354928803932,0.7732027211848548,-0.7253190147787617,0.16062599351425255,1.0,nan,0.7467575676322914,0.11705151112726532,-0.24642822413806414,0.17688381698861913,0.8064386309069641,-0.45542643111383946,0.14001414187186773,0.6142361318119531,0.6498855391642708,-0.2861134750172681,0.60005521447764,-0.15323615504864965
SBILIFE,nan,nan,nan,nan,nan,nan,nan,nan,nan,nan,nan,nan,nan,nan,nan,nan,nan,nan,nan,nan,nan,nan,nan,nan,nan,nan,nan,nan,nan,nan,nan,nan,nan,nan,nan,nan,nan,nan,nan,nan,nan,nan,nan,nan,nan,nan,nan,nan,nan,nan
SHREECEM,0.7933061103905209,0.8742588347152795,0.5083397164348162,0.7628267977612826,0.045281146433029884,0.8332815128056218,-0.5113062203574448,0.7233482052458371,-0.036213905864101545,0.5424972001810671,-0.7472549404127965,0.7752170471556619,0.5867351322446293,-0.5413217146686824,-0.4350145899053973,0.002981456535535214,0.021981892898575408,nan,-0.11781771001209611,0.6216923790316708,0.7712256118481372,0.8373163189616641,0.8728267582452144,-0.6197216349769037,-0.5570959560535846,-0.2255143312412196,0.03956379091621083,-0.3916097628627151,0.8382273357257713,-0.03858303017543346,-0.4731313794219048,0.3262642198237927,-0.5500609165392906,0.7940980322180737,-0.6580001328820926,0.5043009669922861,0.7467575676322914,nan,1.0,0.5094763498558595,-0.42846193013739603,0.284254827729634,0.8513177371093905,-0.38354900482478194,0.4691615312147233,0.6874089118340523,0.8075653472935151,-0.07108164019482553,0.8816308226073143,-0.33290930559952314
SBIN,0.6964149436473512,0.28865927801813007,0.798270064486535,0.6282206062629048,-0.1652468816669721,0.6492246393128496,-0.30600019082025115,0.09345212425923385,0.12452557693398142,0.09302880400729001,-0.02506447265324686,0.09726780608015151,-0.15926118177049353,0.05850544332064732,-0.3381741080661097,0.4986307845787727,0.5820209772195448,nan,0.19048791459862485,0.7479673765527687,0.2374276807155728,0.6446622306735045,0.5990628554859448,0.08495181524706444,-0.1463099487483437,0.5416851889922876,-0.02200317009709588,-0.3008883733106234,0.4852602955333921,0.5666789551817591,-0.07439064927800376,0.5194799816627677,0.20346309719061037,0.12528172773220433,-0.012296284097339728,0.7786964666688239,0.11705151112726532,nan,0.5094763498558595,1.0,-0.3235917150784223,0.15931863184478395,0.22723431458401866,0.04665118589648278,0.659656368167523,0.42040921674114645,0.44916845778812126,0.5579913244275753,0.6900391807958466,-0.16601463939373773
SUNPHARMA,-0.3111504665451929,-0.384582869430272,-0.417991106361177,-0.1625600306734946,0.40824735409200613,-0.6511863243057391,0.7414451376142946,-0.2547733385326638,-0.059570486403150734,0.16765889719010796,0.5440762499594064,-0.22260748670234798,0.11186579994139532,0.002920320902336274,0.7761926713298217,-0.1163598567918738,-0.4042271784437291,nan,0.2810139297134668,-0.3138346947108361,-0.6619495707139295,-0.6285647634778438,-0.478443859944759,0.35626929194330476,0.6574575254729532,-0.1630462286846008,0.583758819859269,0.7567767130275718,-0.6235345139612214,0.22495681189381997,0.7208745737477766,-0.4941710464852045,0.2806469762111765,-0.5513206377354022,0.6347756575888894,-0.4153809566795112,-0.24642822413806414,nan,-0.42846193013739603,-0.3235917150784223,1.0,0.2791468717688315,-0.32331724697692316,0.6971492747506636,-0.12254917668824017,-0.3972210170512778,-0.6509477370931418,-0.18176624677999992,-0.2204580041474468,0.8624346755063389
TCS,0.4543795374118442,0.22988065543778016,0.0004327644769825867,0.5388019926219673,0.1687531113876278,0.056093925033185624,0.14900356553506544,0.34485245708610546,0.12705731699574066,0.5067773915132323,-0.01109647519704486,0.24258282394041825,0.2713032243411675,-0.19516014080954017,0.19395521914984468,0.1465358375399951,-0.04244446743464053,nan,0.5227845738445289,0.4224694039607224,-0.04736955345003021,0.15998917784665115,0.17138494699908197,-0.052797408360399214,0.19263529187340017,0.00822665118118333,0.6621647870130599,0.11188368688848657,0.08753847090578849,0.18257632524360276,0.2503357459215625,0.21521441782800346,0.09128292351903909,-0.02078480355214611,0.0775593095750479,0.28533015227474423,0.17688381698861913,nan,0.284254827729634,0.15931863184478395,0.2791468717688315,1.0,0.36950406500009764,0.3952511557619927,0.5174459221473376,0.17382067391594253,0.1231329791952589,0.052555159167748514,0.48913095233052384,0.3196690918343115
TATACONSUM,0.7339303270649198,0.9344064323780414,0.2720814902532397,0.6961087873321135,0.1275836169763741,0.7345857186312893,-0.5150663358398033,0.7948470785805622,0.08453466420055199,0.729711557253422,-0.8419754489278437,0.9243903322445975,0.7459914000258536,-0.7220504623427357,-0.38913224367249966,-0.03853022278461285,-0.12011978986523399,nan,-0.13887315407644368,0.5399984644053931,0.8377701330209243,0.7596758899891516,0.7981333488765282,-0.700175668706121,-0.6705519528727194,-0.39661267570204867,0.21962198852331422,-0.3684699749403617,0.818503481870972,-0.3318702167389389,-0.5643615922429999,0.31735713710755403,-0.6824827656685782,0.8673019875568503,-0.7625038359356535,0.25618656847093735,0.8064386309069641,nan,0.8513177371093905,0.22723431458401866,-0.32331724697692316,0.36950406500009764,1.0,-0.4977902319534713,0.42553710830086816,0.7763820946133274,0.8363111474735269,-0.3528896160719878,0.7576532736624548,-0.29673501878725295
